0.087263 -0.436346 0.087269 1.134463 0.087263 0.087251 0.087269 0.000000 0.000000 0.000000 0.000000 0.000000 0.000000 0.000000
0.087266 -0.436350 0.087266 1.134464 0.087249 0.087249 0.087266 0.000000 -0.000000 -0.000000 0.000000 -0.000000 -0.000000 -0.000000
0.087266 -0.436350 0.087266 1.134464 0.087249 0.087249 0.087266 0.000000 0.000000 0.000000 0.000000 0.000000 0.000000 0.000000
0.087266 -0.436350 0.087266 1.134464 0.087249 0.087249 0.087266 0.000000 0.000000 0.000000 0.000000 0.000000 0.000000 0.000000
0.087266 -0.436350 0.087266 1.134464 0.087249 0.087249 0.087266 0.000000 0.000000 0.000000 0.000000 0.000000 0.000000 0.000000
0.087266 -0.436350 0.087266 1.134464 0.087249 0.087249 0.087266 0.000000 0.000000 0.000000 0.000000 -0.000000 -0.000000 0.000000
0.087267 -0.436343 0.087276 1.134464 0.087240 0.087248 0.087272 0.000000 0.000000 0.000000 0.000000 0.000000 0.000000 0.000000
0.087266 -0.436350 0.087266 1.134464 0.087249 0.087249 0.087266 -0.000000 -0.000000 -0.000000 0.000000 0.000000 0.000000 -0.000000
0.087266 -0.436350 0.087266 1.134464 0.087249 0.087249 0.087266 0.000000 0.000000 0.000000 0.000000 0.000000 0.000000 0.000000
0.087266 -0.436350 0.087266 1.134464 0.087249 0.087249 0.087266 0.000000 0.000000 0.000000 0.000000 0.000000 0.000000 0.000000
0.087266 -0.436350 0.087266 1.134464 0.087249 0.087249 0.087266 0.000000 0.000000 0.000000 0.000000 -0.000000 -0.000000 0.000000
0.087267 -0.436343 0.087276 1.134464 0.087240 0.087248 0.087272 0.000000 0.000000 0.000000 0.000000 0.000000 0.000000 0.000000
0.087266 -0.436350 0.087266 1.134464 0.087249 0.087249 0.087266 -0.000000 -0.000000 -0.000000 0.000000 0.000000 0.000000 -0.000000
0.087266 -0.436350 0.087266 1.134464 0.087249 0.087249 0.087266 -0.000018 -0.000003 0.000019 0.000057 0.000042 0.000042 -0.000062
0.085455 -0.436616 0.089135 1.140156 0.091482 0.091414 0.081113 0.000030 -0.000003 0.000024 0.000074 -0.000097 -0.000097 0.000102
0.090241 -0.436697 0.089714 1.141912 0.077544 0.077585 0.097506 0.000053 -0.000001 0.000007 0.000022 -0.000091 -0.000152 0.000137
0.090736 -0.436712 0.089876 1.142378 0.082385 0.076201 0.094835 0.000032 -0.000001 0.000007 0.000020 0.000101 0.000020 -0.000086
0.093469 -0.436791 0.090382 1.143939 0.087668 0.079588 0.088937 0.000036 0.000020 0.000026 0.000149 -0.000191 0.000012 -0.000087
0.094339 -0.434715 0.092448 1.157282 0.063317 0.077357 0.086123 0.000027 0.000022 0.000022 0.000142 -0.000257 -0.000082 -0.000047
0.096203 -0.434620 0.092619 1.158155 0.061963 0.071387 0.084242 0.000038 0.000002 0.000009 0.000038 -0.000127 -0.000051 -0.000007
0.098132 -0.434507 0.093361 1.161050 0.050647 0.072288 0.085462 0.000023 -0.000001 0.000010 0.000033 -0.000095 0.000016 -0.000006
0.098547 -0.434670 0.093613 1.161465 0.052482 0.072947 0.083667 0.000007 -0.000004 0.000006 0.000010 0.000030 0.000008 -0.000025
0.098820 -0.434890 0.093991 1.162014 0.053694 0.073090 0.082919 0.000008 -0.000031 0.000038 0.000037 0.000058 -0.000058 0.000056
0.099359 -0.437750 0.097422 1.165126 0.058320 0.067104 0.089251 0.000004 -0.000030 0.000054 0.000086 0.000049 -0.000112 0.000116
0.099264 -0.437918 0.099357 1.170595 0.058577 0.061902 0.094545 0.000028 -0.000036 0.000052 0.000065 0.000039 -0.000102 0.000143
0.102158 -0.441343 0.102661 1.171616 0.062233 0.056947 0.103523 0.000029 -0.000036 0.000031 0.000010 0.000039 -0.000049 0.000088
0.102139 -0.441506 0.102439 1.171616 0.062465 0.056956 0.103375 0.000006 -0.000013 0.000009 0.000018 -0.000015 -0.000057 0.000013
0.102710 -0.442664 0.103534 1.173391 0.060728 0.051213 0.104797 0.000062 -0.000047 0.000082 0.000130 -0.000046 -0.000181 0.000103
0.108374 -0.446187 0.110643 1.184576 0.057869 0.038818 0.113701 0.000124 -0.000052 0.000090 0.000124 -0.000057 -0.000231 0.000158
0.115131 -0.447862 0.112539 1.185806 0.055039 0.028121 0.120557 0.000171 -0.000018 0.000042 0.000075 -0.000188 -0.000195 0.000131
0.125460 -0.447989 0.114826 1.192051 0.039115 0.019358 0.126819 0.000143 -0.000000 0.000027 0.000065 -0.000201 -0.000089 0.000077
0.129472 -0.447869 0.115233 1.192354 0.034911 0.019266 0.128238 0.000158 0.000004 0.000014 0.000030 -0.000191 -0.000065 0.000079
0.141276 -0.447585 0.116263 1.195063 0.019978 0.012895 0.134682 0.000237 0.000010 0.000018 0.000069 -0.000332 -0.000120 0.000210
0.153179 -0.446903 0.117020 1.199214 0.001759 0.007251 0.149216 0.000237 0.000010 0.000014 0.000075 -0.000293 -0.000129 0.000257
0.165007 -0.446592 0.117671 1.202528 -0.009331 -0.000054 0.160423 0.000292 0.000006 0.000013 0.000083 -0.000299 -0.000132 0.000320
0.182402 -0.446280 0.118270 1.207519 -0.028155 -0.005950 0.181229 0.000199 0.000006 0.000012 0.000068 -0.000220 -0.000060 0.000238
0.184867 -0.445999 0.118861 1.209288 -0.031350 -0.006072 0.184259 0.000131 0.000017 0.000017 0.000088 -0.000152 -0.000047 0.000140
0.195495 -0.444629 0.119946 1.216353 -0.043324 -0.010645 0.195194 0.000245 0.000066 -0.000067 -0.000013 -0.000307 0.000012 0.000015
0.209344 -0.439433 0.112154 1.207973 -0.062067 -0.004837 0.185776 0.000165 0.000053 -0.000098 -0.000139 -0.000196 0.000078 -0.000128
0.212032 -0.439293 0.110128 1.202412 -0.062951 -0.002807 0.182415 0.000218 0.000024 -0.000176 -0.000525 -0.000106 0.000128 -0.000270
0.231160 -0.437065 0.094556 1.155477 -0.072633 0.007937 0.158796 0.000228 0.000025 -0.000186 -0.000556 -0.000124 0.000104 -0.000271
0.234868 -0.436761 0.091567 1.146832 -0.075328 0.007549 0.155324 0.000128 0.000059 -0.000131 -0.000276 -0.000154 0.000005 -0.000161
0.243914 -0.431198 0.081478 1.127905 -0.088010 0.008472 0.142721 0.000137 0.000071 -0.000139 -0.000276 -0.000156 0.000056 -0.000180
0.248573 -0.429662 0.077651 1.119186 -0.090937 0.013172 0.137357 0.000346 0.000092 -0.000244 -0.000607 -0.000269 0.000259 -0.000362
0.278530 -0.421996 0.057038 1.067181 -0.114941 0.034331 0.106566 0.000676 0.000181 -0.000434 -0.001140 -0.000563 0.000387 -0.000625
0.316205 -0.411608 0.034225 1.005186 -0.147203 0.051830 0.074814 0.000454 0.000122 -0.000283 -0.000750 -0.000376 0.000223 -0.000399
0.323936 -0.409833 0.028756 0.992159 -0.152539 0.056679 0.066670 0.000610 0.000181 -0.000355 -0.000988 -0.000502 0.000281 -0.000462
0.377194 -0.393483 -0.001311 0.906409 -0.197391 0.079892 0.028657 0.000675 0.000210 -0.000375 -0.001081 -0.000533 0.000275 -0.000490
0.391412 -0.388801 -0.008696 0.884022 -0.205826 0.084205 0.017634 0.000505 0.000164 -0.000258 -0.000797 -0.000382 0.000158 -0.000342
0.427726 -0.377046 -0.027143 0.826697 -0.235596 0.095725 -0.005556 0.000431 0.000140 -0.000222 -0.000674 -0.000353 0.000126 -0.000269
0.434518 -0.374785 -0.030898 0.816611 -0.241148 0.096803 -0.009289 0.000420 0.000161 -0.000205 -0.000613 -0.000382 0.000104 -0.000262
0.469753 -0.360951 -0.047634 0.765400 -0.273804 0.106092 -0.031765 0.000633 0.000257 -0.000298 -0.000884 -0.000598 0.000123 -0.000373
0.497783 -0.349130 -0.060712 0.728210 -0.300943 0.109151 -0.046601 0.000797 0.000352 -0.000353 -0.001074 -0.000861 0.000142 -0.000456
0.549483 -0.325790 -0.082950 0.658023 -0.359903 0.120317 -0.077373 0.000810 0.000374 -0.000335 -0.001107 -0.000921 0.000140 -0.000462
0.578827 -0.311724 -0.094222 0.617534 -0.393071 0.123118 -0.092788 0.000363 0.000172 -0.000151 -0.000502 -0.000394 0.000043 -0.000202
0.585749 -0.308616 -0.098079 0.607868 -0.399350 0.124628 -0.097565 0.000419 0.000249 -0.000174 -0.000577 -0.000601 0.000031 -0.000389
0.620699 -0.286861 -0.111644 0.559792 -0.453151 0.126246 -0.131644 0.000428 0.000283 -0.000168 -0.000585 -0.000678 0.000030 -0.000441
0.628553 -0.280340 -0.114927 0.549368 -0.467108 0.127621 -0.141688 0.000154 0.000176 -0.000074 -0.000163 -0.000392 -0.000009 -0.000209
0.636127 -0.269278 -0.119022 0.543540 -0.492350 0.125394 -0.152517 0.000057 0.000142 -0.000047 0.000000 -0.000312 -0.000071 -0.000118
0.634214 -0.266189 -0.119588 0.549400 -0.498301 0.120552 -0.153487 -0.000124 0.000066 -0.000004 0.000261 -0.000156 -0.000098 -0.000078
0.623714 -0.262634 -0.119403 0.569674 -0.507915 0.115593 -0.160337 -0.000105 0.000033 -0.000007 0.000203 -0.000087 -0.000051 -0.000071
0.623749 -0.262914 -0.120324 0.569674 -0.507020 0.115470 -0.160561 -0.000540 0.000030 0.000097 0.000941 -0.000188 -0.000250 0.000045
0.569720 -0.259647 -0.109740 0.663783 -0.526667 0.090631 -0.155861 -0.001216 0.000050 0.000225 0.002008 -0.000314 -0.000572 0.000168
0.502182 -0.257868 -0.097824 0.770497 -0.538414 0.058301 -0.143734 -0.001017 0.000016 0.000172 0.001578 -0.000020 -0.000432 0.000072
0.467973 -0.258064 -0.092513 0.821588 -0.528686 0.047431 -0.148673 -0.000430 0.000001 0.000068 0.000650 0.000092 -0.000198 0.000008
0.459197 -0.257779 -0.091046 0.835536 -0.529236 0.038548 -0.142972 -0.000248 0.000011 0.000050 0.000379 -0.000016 -0.000181 0.000097
0.443179 -0.256925 -0.087540 0.859483 -0.530306 0.029354 -0.138940 -0.000755 0.000017 0.000132 0.001117 -0.000026 -0.000371 0.000031
0.383662 -0.256039 -0.077819 0.947268 -0.531881 0.001421 -0.139837 -0.000792 0.000020 0.000126 0.001162 0.000024 -0.000395 0.000005
0.363963 -0.254965 -0.074977 0.975683 -0.527896 -0.010164 -0.138393 -0.000263 0.000010 0.000030 0.000376 0.000048 -0.000156 0.000008
0.357392 -0.254998 -0.074851 0.984819 -0.527062 -0.014173 -0.139005 -0.000442 0.000024 0.000033 0.000590 -0.000053 -0.000219 -0.000013
0.319770 -0.252604 -0.071657 1.034654 -0.533239 -0.032092 -0.139649 -0.000553 0.000066 0.000032 0.000719 -0.000115 -0.000306 -0.000029
0.302118 -0.248426 -0.071626 1.056677 -0.538596 -0.044753 -0.141925 -0.000214 0.000051 0.000002 0.000261 -0.000083 -0.000136 -0.000052
0.298387 -0.247500 -0.071489 1.060736 -0.541554 -0.045648 -0.144816 -0.000168 0.000038 -0.000005 0.000190 -0.000105 -0.000085 -0.000104
0.285334 -0.244613 -0.072103 1.075658 -0.549124 -0.053206 -0.152345 -0.000239 0.000062 -0.000019 0.000232 -0.000082 -0.000106 -0.000166
0.274459 -0.241296 -0.073382 1.083928 -0.549756 -0.056294 -0.161431 -0.000138 0.000046 -0.000008 0.000110 -0.000036 -0.000063 -0.000086
0.271581 -0.239982 -0.072904 1.086609 -0.552771 -0.059540 -0.160945 -0.000138 0.000051 -0.000006 0.000140 -0.000101 -0.000069 -0.000040
0.260667 -0.236224 -0.074030 1.097960 -0.559809 -0.063157 -0.165458 -0.000132 0.000043 -0.000012 0.000143 -0.000095 -0.000071 -0.000021
0.258419 -0.235701 -0.074065 1.100884 -0.562266 -0.066672 -0.163069 -0.000115 0.000014 -0.000003 0.000161 -0.000064 -0.000046 0.000085
0.249146 -0.234812 -0.074308 1.114018 -0.566241 -0.067740 -0.156943 -0.000105 0.000004 -0.000011 0.000152 -0.000041 -0.000041 0.000088
0.247887 -0.235310 -0.075130 1.116040 -0.566320 -0.070790 -0.154285 -0.000060 0.000032 -0.000029 0.000042 -0.000106 -0.000193 0.000108
0.243188 -0.231596 -0.077182 1.118240 -0.576847 -0.087018 -0.146166 -0.000041 0.000055 -0.000032 -0.000018 -0.000170 -0.000243 0.000141
0.243767 -0.229859 -0.078374 1.114272 -0.583299 -0.095070 -0.140144 0.000039 0.000040 -0.000034 -0.000075 -0.000326 -0.000457 0.000522
0.247047 -0.227577 -0.080626 1.110782 -0.609419 -0.132765 -0.093967 0.000060 0.000045 -0.000037 -0.000073 -0.000728 -0.000621 0.001127
0.249729 -0.225395 -0.082063 1.106958 -0.656144 -0.157148 -0.027455 0.000039 0.000026 -0.000011 -0.000045 -0.000494 -0.000386 0.000785
0.250903 -0.224931 -0.081699 1.106264 -0.658853 -0.171377 -0.015467 0.000030 0.000021 -0.000006 -0.000019 -0.000305 -0.000302 0.000633
0.252714 -0.223335 -0.082659 1.105028 -0.686598 -0.187326 0.035850 0.000031 0.000029 -0.000021 -0.000041 -0.000760 -0.000154 0.001046
0.253956 -0.222015 -0.083773 1.102193 -0.734823 -0.186766 0.089101 -0.000023 0.000006 -0.000010 0.000040 -0.000855 -0.000049 0.001050
0.250456 -0.222733 -0.083613 1.109066 -0.772136 -0.192227 0.140816 -0.000046 -0.000014 -0.000003 0.000089 -0.000413 -0.000064 0.000640
0.249389 -0.223388 -0.084076 1.111050 -0.776156 -0.193200 0.153113 -0.000057 -0.000015 0.000009 0.000088 -0.000359 -0.000025 0.000533
0.244789 -0.224282 -0.082702 1.117823 -0.808033 -0.194721 0.194100 -0.000065 -0.000016 0.000024 0.000109 -0.000291 -0.000082 0.000546
0.242848 -0.225014 -0.081689 1.121906 -0.805292 -0.201395 0.207713 -0.000030 -0.000016 0.000014 0.000044 -0.000058 0.000023 0.000181
0.241798 -0.225887 -0.081272 1.122178 -0.813808 -0.192375 0.212216 -0.000015 -0.000009 0.000012 0.000003 -0.000057 0.000105 0.000029
0.241367 -0.225945 -0.080453 1.122194 -0.810999 -0.190854 0.210638 -0.000001 0.000002 0.000012 -0.000008 0.000041 0.000025 -0.000043
0.241674 -0.225670 -0.080035 1.121328 -0.809711 -0.189899 0.207957 0.000025 0.000009 -0.000003 -0.000054 0.000108 0.000077 -0.000239
0.243833 -0.225013 -0.080747 1.116824 -0.800173 -0.183184 0.186713 0.000112 0.000032 -0.000041 -0.000210 0.000344 0.000229 -0.000845
0.252849 -0.222431 -0.084143 1.100296 -0.775294 -0.166998 0.123426 0.000105 0.000032 -0.000048 -0.000191 0.000258 0.000257 -0.000815
0.254340 -0.221768 -0.085502 1.097742 -0.774364 -0.157481 0.105221 0.000133 0.000069 -0.000076 -0.000191 -0.000143 0.000361 -0.000851
0.266192 -0.215551 -0.091697 1.081190 -0.789600 -0.130886 0.038372 0.000217 0.000118 -0.000106 -0.000281 -0.000292 0.000602 -0.001280
0.276032 -0.209951 -0.096139 1.069625 -0.803596 -0.097253 -0.022805 0.000122 0.000068 -0.000055 -0.000140 -0.000172 0.000346 -0.000701
0.278439 -0.208793 -0.097206 1.067234 -0.806761 -0.096241 -0.031703 0.000078 0.000039 -0.000029 -0.000070 -0.000084 0.000017 -0.000199
0.283808 -0.206027 -0.099047 1.062628 -0.811968 -0.095570 -0.042672 0.000160 0.000080 -0.000055 -0.000165 -0.000132 0.000138 -0.000507
0.294442 -0.200830 -0.102686 1.050684 -0.819936 -0.082486 -0.082398 0.000262 0.000131 -0.000094 -0.000272 -0.000396 0.000212 -0.000687
0.310001 -0.192877 -0.108437 1.035426 -0.851533 -0.074329 -0.111362 0.000269 0.000130 -0.000101 -0.000283 -0.000376 0.000148 -0.000668
0.321324 -0.187817 -0.112739 1.022359 -0.857503 -0.067638 -0.149246 0.000152 0.000066 -0.000060 -0.000182 -0.000147 0.000103 -0.000416
0.325241 -0.186318 -0.114394 1.017208 -0.866253 -0.064035 -0.152922 0.000439 0.000206 -0.000169 -0.000541 -0.000583 -0.000126 -0.000487
0.365207 -0.167204 -0.129653 0.968217 -0.915842 -0.080239 -0.197995 0.000436 0.000210 -0.000166 -0.000539 -0.000535 -0.000174 -0.000493
0.368813 -0.165279 -0.130981 0.963262 -0.919779 -0.081387 -0.202181 0.000073 0.000035 -0.000029 -0.000097 -0.000055 -0.000032 -0.000093
0.372516 -0.163712 -0.132513 0.958544 -0.921297 -0.083418 -0.207284 0.000216 0.000095 -0.000061 -0.000264 -0.000214 -0.000044 -0.000090
0.390459 -0.155828 -0.137054 0.936855 -0.941182 -0.085808 -0.211208 0.000370 0.000162 -0.000097 -0.000442 -0.000384 -0.000070 -0.000141
0.409510 -0.147486 -0.142189 0.914350 -0.959651 -0.090391 -0.221383 0.000276 0.000129 -0.000078 -0.000329 -0.000320 -0.000072 -0.000099
0.418051 -0.142946 -0.144848 0.903908 -0.973136 -0.093020 -0.221140 0.000254 0.000157 -0.000091 -0.000305 -0.000430 -0.000085 -0.000109
0.434906 -0.131773 -0.151249 0.883853 -1.002699 -0.098894 -0.232287 0.000209 0.000142 -0.000079 -0.000249 -0.000373 -0.000070 -0.000117
0.438906 -0.128723 -0.152704 0.879041 -1.010465 -0.100049 -0.232869 0.000263 0.000184 -0.000103 -0.000333 -0.000477 -0.000062 -0.000162
0.461237 -0.113343 -0.161540 0.850595 -1.050389 -0.105079 -0.248523 0.000309 0.000202 -0.000139 -0.000394 -0.000525 -0.000115 -0.000152
0.469791 -0.108502 -0.166578 0.839616 -1.062986 -0.111573 -0.248045 0.000171 0.000117 -0.000067 -0.000234 -0.000234 -0.000071 -0.000095
0.478366 -0.101659 -0.168247 0.827173 -1.073813 -0.112207 -0.258001 0.000051 0.000065 -0.000014 -0.000065 -0.000107 -0.000019 -0.000132
0.474918 -0.102009 -0.167972 0.833132 -1.073660 -0.113440 -0.261248 -0.000078 -0.000020 0.000011 0.000126 0.000043 -0.000003 -0.000016
0.470560 -0.103664 -0.167137 0.839769 -1.069527 -0.112531 -0.259555 -0.000248 -0.000085 0.000048 0.000349 0.000197 -0.000021 0.000028
0.450095 -0.110501 -0.163142 0.868049 -1.053989 -0.115513 -0.258461 -0.000240 -0.000079 0.000045 0.000329 0.000177 -0.000037 0.000015
0.446533 -0.111555 -0.162683 0.872688 -1.051791 -0.116235 -0.258101 -0.000155 -0.000036 0.000019 0.000205 0.000099 -0.000069 0.000075
0.434546 -0.114083 -0.161207 0.888598 -1.044072 -0.122459 -0.250984 -0.000161 -0.000035 0.000021 0.000213 0.000110 -0.000071 0.000053
0.430386 -0.115102 -0.160563 0.893952 -1.040811 -0.123343 -0.252773 -0.000344 -0.000081 0.000030 0.000452 0.000266 -0.000120 0.000069
0.400140 -0.122164 -0.158161 0.933815 -1.017465 -0.134491 -0.244085 -0.000532 -0.000122 0.000054 0.000709 0.000488 -0.000151 0.000153
0.377219 -0.127259 -0.155143 0.964877 -0.991972 -0.138396 -0.237435 -0.000421 -0.000090 0.000074 0.000586 0.000461 -0.000058 0.000245
0.358006 -0.131198 -0.150719 0.992461 -0.971370 -0.140312 -0.219614 -0.000440 -0.000115 0.000103 0.000627 0.000590 0.000037 0.000295
0.333255 -0.138774 -0.144884 1.027552 -0.932967 -0.134648 -0.207962 -0.000313 -0.000093 0.000080 0.000443 0.000453 0.000044 0.000195
0.326665 -0.140473 -0.142675 1.036767 -0.926029 -0.135881 -0.200073 -0.000391 -0.000131 0.000110 0.000557 0.000595 -0.000138 0.000546
0.294173 -0.151853 -0.133844 1.083267 -0.873441 -0.148467 -0.153332 -0.000596 -0.000200 0.000154 0.000822 0.000686 -0.000268 0.000966
0.267028 -0.160481 -0.127296 1.118971 -0.857440 -0.162647 -0.103471 -0.000426 -0.000130 0.000103 0.000525 0.000418 -0.000189 0.000499
0.251528 -0.164901 -0.123514 1.135755 -0.831606 -0.167374 -0.103432 -0.000547 -0.000124 0.000105 0.000566 0.000695 -0.000056 -0.000046
0.212314 -0.172917 -0.116759 1.175534 -0.787984 -0.168218 -0.108044 -0.000440 -0.000089 0.000065 0.000446 0.000479 -0.000012 -0.000070
0.207547 -0.173848 -0.116991 1.180327 -0.783699 -0.168549 -0.110399 -0.000100 -0.000013 0.000008 0.000101 0.000052 -0.000003 -0.000002
0.202363 -0.174227 -0.115930 1.185628 -0.782812 -0.168539 -0.108222 -0.000338 0.000012 0.000029 0.000348 0.000148 -0.000093 0.000064
0.173739 -0.172695 -0.114043 1.215111 -0.768874 -0.177869 -0.104024 -0.000540 0.000077 -0.000013 0.000582 0.000160 -0.000202 0.000028
0.148332 -0.166526 -0.117250 1.243872 -0.766843 -0.188711 -0.105414 -0.000402 0.000136 -0.000068 0.000456 -0.000027 -0.000195 -0.000045
0.133574 -0.159124 -0.120885 1.260749 -0.771569 -0.197393 -0.108516 -0.000300 0.000153 -0.000093 0.000319 -0.000114 -0.000176 -0.000041
0.118289 -0.151224 -0.126521 1.275783 -0.778283 -0.206356 -0.109478 -0.000226 0.000116 -0.000093 0.000245 -0.000070 -0.000157 -0.000028
0.110972 -0.147524 -0.130158 1.285240 -0.778523 -0.213138 -0.111320 -0.000145 0.000076 -0.000066 0.000185 -0.000004 -0.000123 -0.000043
0.103833 -0.143641 -0.133166 1.294284 -0.778705 -0.218697 -0.113802 -0.000153 0.000080 -0.000084 0.000129 0.000022 -0.000104 -0.000046
0.095648 -0.139546 -0.138606 1.298092 -0.776335 -0.223565 -0.115939 -0.000235 0.000139 -0.000140 0.000174 0.000103 -0.000158 -0.000082
0.080355 -0.129730 -0.147172 1.311679 -0.768420 -0.234538 -0.121955 -0.000221 0.000140 -0.000111 0.000219 0.000059 -0.000181 -0.000058
0.073506 -0.125523 -0.149674 1.319999 -0.770450 -0.241628 -0.121714 -0.000164 0.000074 -0.000055 0.000203 -0.000056 -0.000057 -0.000053
0.063923 -0.122317 -0.152718 1.331975 -0.774006 -0.240263 -0.127234 -0.000117